1 0.00
2 3.30
3 3.30
4 3.29
5 3.27
6 3.26
7 3.27
8 3.29
9 3.31
10 3.32
11 3.31
12 3.29
13 3.27
14 3.26
15 3.27
16 3.30
17 3.34
18 3.37
19 3.39
20 3.37
21 3.34
22 3.29
23 3.25
24 3.23
25 3.24
26 3.27
27 3.31
28 3.34
29 3.36
30 3.35
31 3.33
32 3.30
33 3.27
34 3.25
35 3.25
36 3.26
37 3.28
38 3.29
39 3.30
40 3.30
41 3.30
42 3.29
43 3.28
44 3.28
45 3.29
46 3.30
47 3.33
48 3.35
49 3.37
50 3.37
51 3.36
52 3.33
53 3.29
54 3.26
55 3.25
56 3.28
57 3.33
58 3.39
59 3.44
60 3.46
61 3.44
62 3.39
63 3.32
64 3.25
65 3.22
66 3.23
67 3.28
68 3.34
69 3.40
70 3.42
71 3.41
72 3.37
73 3.32
74 3.29
75 3.28
76 3.30
77 3.33
78 3.36
79 3.38
80 3.38
81 3.35
82 3.32
83 3.30
84 3.30
85 3.32
86 3.34
87 3.37
88 3.40
89 3.40
90 3.40
91 3.38
92 3.37
93 3.35
94 3.33
95 3.31
96 3.30
97 3.29
98 3.29
99 3.31
100 3.34
101 3.37
102 3.39
103 3.39
104 3.37
105 3.33
106 3.27
107 3.23
108 3.21
109 3.22
110 3.25
111 3.29
112 3.32
113 3.33
114 3.33
115 3.31
116 3.28
117 3.27
118 3.28
119 3.29
120 3.31
121 3.31
122 3.29
123 3.27
124 3.24
125 3.24
126 3.26
127 3.30
128 3.35
129 3.38
130 3.38
131 3.35
132 3.30
133 3.24
134 3.21
135 3.21
136 3.24
137 3.29
138 3.33
139 3.35
140 3.34
141 3.31
142 3.26
143 3.23
144 3.22
145 3.23
146 3.26
147 3.29
148 3.34
149 3.34
150 3.12
151 3.12
152 3.23
153 3.12
154 3.22
155 3.23
156 3.19
157 3.12
158 3.17
159 3.17
160 3.22
161 3.23
162 3.19
163 3.12
164 3.12
165 3.17
166 3.19
167 3.22
168 3.23
169 3.12
170 3.12
171 3.17
172 3.23
173 3.22
174 3.23
175 3.22
176 3.12
177 3.23
178 3.22
179 3.12
180 3.23
181 3.12
182 3.17
183 3.17
184 3.19
185 3.22
186 3.17
187 3.12
188 3.34
189 3.23
190 3.12
191 3.12
192 3.17
193 3.22
194 3.23
195 3.22
196 3.23
197 3.22
198 3.12
199 3.23
200 3.22
201 3.17
202 3.17
203 3.12
204 3.23
205 3.34
206 3.22
207 3.17
208 3.22
209 3.34
210 3.34
211 3.23
212 3.22
213 3.17
214 3.12
215 3.17
216 3.12
217 3.34
218 3.34
219 3.34
220 3.34
221 3.23
222 3.17
223 3.22
224 3.19
225 3.17
226 3.12
227 3.23
228 3.07
229 3.34
230 3.19
231 3.17
232 3.23
233 3.07
234 3.30
235 3.30
236 3.29
237 3.27
238 3.26
239 3.27
240 3.29
241 3.31
242 3.32
243 3.31
244 3.29
245 3.27
246 3.26
247 3.27
248 3.30
249 3.34
250 3.37
251 3.39
252 3.37
253 3.34
254 3.29
255 3.25
256 3.23
257 3.24
258 3.27
259 3.31
260 3.34
261 3.36
262 3.35
263 3.33
264 3.30
265 3.27
266 3.25
267 3.25
268 3.26
269 3.28
270 3.29
271 3.30
272 3.30
273 3.30
274 3.29
275 3.28
276 3.28
277 3.29
278 3.30
279 3.33
280 3.35
281 3.37
282 3.37
283 3.36
284 3.33
285 3.29
286 3.26
287 3.25
288 3.28
289 3.33
290 3.39
291 3.44
292 3.46
293 3.44
294 3.39
295 3.32
296 3.25
297 3.22
298 3.23
299 3.28
300 3.34
301 3.40
302 3.42
303 3.41
304 3.37
305 3.32
306 3.29
307 3.28
308 3.30
309 3.33
310 3.36
311 3.38
312 3.38
313 3.35
314 3.32
315 3.30
316 3.30
317 3.32
318 3.34
319 3.37
320 3.40
321 3.40
322 3.40
323 3.38
324 3.37
325 3.35
326 3.33
327 3.31
328 3.30
329 3.29
330 3.29
331 3.31
332 3.34
333 3.37
334 3.39
335 3.39
336 3.37
337 3.33
338 3.27
339 3.23
340 3.21
341 3.22
342 3.25
343 3.29
344 3.32
345 3.33
346 3.33
347 3.31
348 3.28
349 3.27
350 3.28
351 3.29
352 3.31
353 3.31
354 3.29
355 3.27
356 3.24
357 3.24
358 3.26
359 3.30
360 3.35
361 3.38
362 3.38
363 3.35
364 3.30
365 3.24
366 3.21
367 3.21
368 3.24
369 3.29
370 3.33
371 3.35
372 3.34
373 3.31
374 3.26
375 3.23
376 3.22
377 3.23
378 3.26
379 3.29
380 3.17
381 3.17
382 3.22
383 3.23
384 3.17
385 3.17
386 3.12
387 3.17
388 3.22
389 3.23
390 3.17
391 3.17
392 3.12
393 3.17
394 3.17
395 3.22
396 3.23
397 3.17
398 3.12
399 3.12
400 3.23
401 3.22
402 3.17
403 3.12
404 3.23
405 3.22
406 3.17
407 3.17
408 3.17
409 3.17
410 3.17
411 3.22
412 3.19
413 3.17
414 3.12
415 3.17
416 3.12
417 3.17
418 3.17
419 3.17
420 3.17
421 3.17
422 3.19
423 3.34
424 3.12
425 3.17
426 3.12
427 3.17
428 3.17
429 3.22
430 3.23
431 3.19
432 3.34
433 3.12
434 3.17
435 3.12
436 3.23
437 3.34
438 3.12
439 3.17
440 3.12
441 3.17
442 3.22
443 3.34
444 3.19
445 3.23
446 3.07
447 3.23
448 3.12
449 3.17
450 3.17
451 3.12
452 3.17
453 3.17
454 3.22
455 3.19
456 3.23
457 3.12
458 3.19
459 3.22
460 3.17
461 3.12
462 3.12
463 3.19
464 3.17
465 3.17
466 3.17
467 3.22
468 3.23
469 3.17
470 3.17
471 3.12
472 3.12
473 3.23
474 3.17
475 3.12
476 3.23
477 3.12
478 3.12
479 3.17
480 3.17
481 3.12
482 3.30
483 3.30
484 3.29
485 3.27
486 3.26
487 3.27
488 3.29
489 3.31
490 3.32
491 3.31
492 3.29
493 3.27
494 3.26
495 3.27
496 3.30
497 3.34
498 3.37
499 3.39
500 3.37
501 3.34
502 3.29
503 3.25
504 3.23
505 3.24
506 3.27
507 3.31
508 3.34
509 3.36
510 3.35
511 3.33
512 3.30
513 3.27
514 3.25
515 3.25
516 3.26
517 3.28
518 3.29
519 3.30
520 3.30
521 3.30
522 3.29
523 3.28
524 3.28
525 3.29
526 3.30
527 3.33
528 3.35
529 3.37
530 3.37
531 3.36
532 3.33
533 3.29
534 3.26
535 3.25
536 3.28
537 3.33
538 3.39
539 3.44
540 3.46
541 3.44
542 3.39
543 3.32
544 3.25
545 3.22
546 3.23
547 3.28
548 3.34
549 3.40
550 3.42
551 3.41
552 3.37
553 3.32
554 3.29
555 3.28
556 3.30
557 3.33
558 3.36
559 3.38
560 3.38
561 3.35
562 3.32
563 3.30
564 3.30
565 3.32
566 3.34
567 3.37
568 3.40
569 3.40
570 3.40
571 3.38
572 3.37
573 3.35
574 3.33
575 3.31
576 3.30
577 3.29
578 3.29
579 3.31
580 3.34
581 3.37
582 3.39
583 3.39
584 3.37
585 3.33
586 3.27
587 3.23
588 3.21
589 3.22
590 3.25
591 3.29
592 3.32
593 3.33
594 3.33
595 3.31
596 3.28
597 3.27
598 3.28
599 3.29
600 3.31
601 3.31
602 3.29
603 3.27
604 3.24
605 3.24
606 3.26
607 3.30
608 3.35
609 3.38
610 3.38
611 3.35
612 3.30
613 3.24
614 3.21
615 3.21
616 3.24
617 3.29
618 3.33
619 3.35
620 3.34
621 3.31
622 3.26
623 3.23
624 3.22
625 3.23
626 3.26
627 3.29
628 3.12
629 3.17
630 3.17
631 3.17
632 3.12
633 3.17
634 3.22
635 3.34
636 3.23
637 3.22
638 3.23
639 3.19
640 3.12
641 3.22
642 3.34
643 3.19
644 3.12
645 3.34
646 3.19
647 3.12
648 3.34
649 3.23
650 3.12
651 3.17
652 3.19
653 3.34
654 3.12
655 3.17
656 3.22
657 3.34
658 3.23
659 3.19
660 3.22
661 3.17
662 3.17
663 3.12
664 3.17
665 3.22
666 3.34
667 3.34
668 3.34
669 3.23
670 3.19
671 3.34
672 3.22
673 3.17
674 3.17
675 3.19
676 3.12
677 3.12
678 3.23
679 3.22
680 3.17
681 3.19
682 3.12
683 3.22
684 3.23
685 3.19
686 3.34
687 3.12
688 3.17
689 3.19
690 3.12
691 3.22
692 3.23
693 3.12
694 3.12
695 3.23
696 3.34
697 3.34
698 3.34
699 3.34
700 3.22
701 3.17
702 3.17
703 3.19
704 3.34
705 3.12
706 3.12
707 3.17
708 3.12
709 3.17
710 3.19
711 3.12
712 3.22
713 3.34
714 3.23
715 3.17
716 3.22
717 3.23
718 3.12
719 3.17
720 3.12
721 3.12
722 3.23
723 3.19
724 3.22
725 3.17
726 3.17
727 3.17
728 3.17
729 3.12
730 3.17
731 3.12
732 3.34
733 3.34
734 3.23
735 3.12
736 3.17
737 3.22
738 3.34
739 3.19
740 3.12
741 3.34
742 3.34
743 3.19
744 3.23
745 3.12
746 3.19
747 3.12
748 3.17
749 3.12
750 3.23
751 3.12
752 3.17
753 3.19
754 3.07
755 3.34
756 3.23
757 3.22
758 3.17
759 3.30
760 3.30
761 3.29
762 3.27
763 3.26
764 3.27
765 3.29
766 3.31
767 3.32
768 3.31
769 3.29
770 3.27
771 3.26
772 3.27
773 3.30
774 3.34
775 3.37
776 3.39
777 3.37
778 3.34
779 3.29
780 3.25
781 3.23
782 3.24
783 3.27
784 3.31
785 3.34
786 3.36
787 3.35
788 3.33
789 3.30
790 3.27
791 3.25
792 3.25
793 3.26
794 3.28
795 3.29
796 3.30
797 3.30
798 3.30
799 3.29
800 3.28
801 3.28
802 3.29
803 3.30
804 3.33
805 3.35
806 3.37
807 3.37
808 3.36
809 3.33
810 3.29
811 3.26
812 3.25
813 3.28
814 3.33
815 3.39
816 3.44
817 3.46
818 3.44
819 3.39
820 3.32
821 3.25
822 3.22
823 3.23
824 3.28
825 3.34
826 3.40
827 3.42
828 3.41
829 3.37
830 3.32
831 3.29
832 3.28
833 3.30
834 3.33
835 3.36
836 3.38
837 3.38
838 3.35
839 3.32
840 3.30
841 3.30
842 3.32
843 3.34
844 3.37
845 3.40
846 3.40
847 3.40
848 3.38
849 3.37
850 3.35
851 3.33
852 3.31
853 3.30
854 3.29
855 3.29
856 3.31
857 3.34
858 3.37
859 3.39
860 3.39
861 3.37
862 3.33
863 3.27
864 3.23
865 3.21
866 3.22
867 3.25
868 3.29
869 3.32
870 3.33
871 3.33
872 3.31
873 3.28
874 3.27
875 3.28
876 3.29
877 3.31
878 3.31
879 3.29
880 3.27
881 3.24
882 3.24
883 3.26
884 3.30
885 3.35
886 3.38
887 3.38
888 3.35
889 3.30
890 3.24
891 3.21
892 3.21
893 3.24
894 3.29
895 3.33
896 3.35
897 3.34
898 3.31
899 3.26
900 3.23
901 3.22
902 3.23
903 3.26
904 3.29
905 3.34
906 3.23
907 3.17
908 3.17
909 3.22
910 3.34
911 3.19
912 3.17
913 3.17
914 3.17
915 3.23
916 3.34
917 3.12
918 3.12
919 3.17
920 3.19
921 3.34
922 3.12
923 3.17
924 3.22
925 3.34
926 3.23
927 3.17
928 3.22
929 3.34
930 3.34
931 3.34
932 3.23
933 3.12
934 3.22
935 3.19
936 3.12
937 3.34
938 3.23
939 3.22
940 3.12
941 3.34
942 3.23
943 3.19
944 3.22
945 3.12
946 3.23
947 3.12
948 3.17
949 3.22
950 3.23
951 3.17
952 3.19
953 3.12
954 3.12
955 3.17
956 3.17
957 3.12
958 3.17
959 3.23
960 3.22
961 3.12
962 3.23
963 3.12
964 3.17
965 3.17
966 3.17
967 3.17
968 3.19
969 3.22
970 3.17
971 3.17
972 3.12
973 3.12
974 3.34
975 3.19
976 3.17
977 3.12
978 3.12
979 3.23
980 3.22
981 3.19
982 3.17
983 3.17
984 3.12
985 3.17
986 3.17
987 3.12
988 3.12
989 3.23
990 3.12
991 3.17
992 3.17
993 3.22
994 3.23
995 3.34
996 3.22
997 3.17
998 3.17
999 3.17
1000 3.12
1001 3.17
1002 3.17
1003 3.12
1004 3.23
1005 3.34
1006 3.34
1007 3.12
1008 3.17
1009 3.19
1010 3.34
1011 3.22
1012 3.17
1013 3.12
1014 3.23
1015 3.07
1016 3.34
1017 3.19
1018 3.17
1019 3.23
1020 3.34
1021 3.34
1022 3.12
1023 3.22
1024 3.34
1025 3.34
1026 3.19
1027 3.17
1028 3.17
1029 3.17
1030 3.17
1031 3.17
1032 3.12
1033 3.17
1034 3.17
1035 3.22
1036 3.19
1037 3.17
1038 3.17
1039 3.17
1040 3.12
1041 3.12
1042 3.34
1043 3.19
1044 3.17
1045 3.17
1046 3.19
1047 3.12
1048 3.17
1049 3.30
1050 3.30
1051 3.29
1052 3.27
1053 3.26
1054 3.27
1055 3.29
1056 3.31
1057 3.32
1058 3.31
1059 3.29
1060 3.27
1061 3.26
1062 3.27
1063 3.30
1064 3.34
1065 3.37
1066 3.39
1067 3.37
1068 3.34
1069 3.29
1070 3.25
1071 3.23
1072 3.24
1073 3.27
1074 3.31
1075 3.34
1076 3.36
1077 3.35
1078 3.33
1079 3.30
1080 3.27
1081 3.25
1082 3.25
1083 3.26
1084 3.28
1085 3.29
1086 3.30
1087 3.30
1088 3.30
1089 3.29
1090 3.28
1091 3.28
1092 3.29
1093 3.30
1094 3.33
1095 3.35
1096 3.37
1097 3.37
1098 3.36
1099 3.33
1100 3.29
1101 3.26
1102 3.25
1103 3.28
1104 3.33
1105 3.39
1106 3.44
1107 3.46
1108 3.44
1109 3.39
1110 3.32
1111 3.25
1112 3.22
1113 3.23
1114 3.28
1115 3.34
1116 3.40
1117 3.42
1118 3.41
1119 3.37
1120 3.32
1121 3.29
1122 3.28
1123 3.30
1124 3.33
1125 3.36
1126 3.38
1127 3.38
1128 3.35
1129 3.32
1130 3.30
1131 3.30
1132 3.32
1133 3.34
1134 3.37
1135 3.40
1136 3.40
1137 3.40
1138 3.38
1139 3.37
1140 3.35
1141 3.33
1142 3.31
1143 3.30
1144 3.29
1145 3.29
1146 3.31
1147 3.34
1148 3.37
1149 3.39
1150 3.39
1151 3.37
1152 3.33
1153 3.27
1154 3.23
1155 3.21
1156 3.22
1157 3.25
1158 3.29
1159 3.32
1160 3.33
1161 3.33
1162 3.31
1163 3.28
1164 3.27
1165 3.28
1166 3.29
1167 3.31
1168 3.31
1169 3.29
1170 3.27
1171 3.24
1172 3.24
1173 3.26
1174 3.30
1175 3.35
1176 3.38
1177 3.38
1178 3.35
1179 3.30
1180 3.24
1181 3.21
1182 3.21
1183 3.24
1184 3.29
1185 3.33
1186 3.35
1187 3.34
1188 3.31
1189 3.26
1190 3.23
1191 3.22
1192 3.23
1193 3.26
1194 3.29
1195 3.12
1196 3.17
1197 3.12
1198 3.17
1199 3.17
1200 3.17
1201 3.17
1202 3.22
1203 3.23
1204 3.22
1205 3.19
1206 3.12
1207 3.23
1208 3.22
1209 3.12
1210 3.23
1211 3.12
1212 3.17
1213 3.17
1214 3.17
1215 3.17
1216 3.17
1217 3.12
1218 3.23
1219 3.22
1220 3.19
1221 3.17
1222 3.17
1223 3.17
1224 3.19
1225 3.22
1226 3.17
1227 3.12
1228 3.23
1229 3.12
1230 3.17
1231 3.19
1232 3.12
1233 3.22
1234 3.19
1235 3.23
1236 3.34
1237 3.22
1238 3.17
1239 3.17
1240 3.19
1241 3.12
1242 3.12
1243 3.17
1244 3.23
1245 3.22
1246 3.17
1247 3.23
1248 3.22
1249 3.23
1250 3.22
1251 3.23
1252 3.07
1253 3.19
1254 3.12
1255 3.19
1256 3.12
1257 3.19
1258 3.17
1259 3.17
1260 3.12
1261 3.19
1262 3.12
1263 3.19
1264 3.23
1265 3.22
1266 3.12
1267 3.19
1268 3.17
1269 3.23
1270 3.07
1271 3.23
1272 3.34
1273 3.12
1274 3.12
1275 3.23
1276 3.34
1277 3.34
1278 3.07
1279 3.19
1280 3.23
1281 3.22
1282 3.23
1283 3.34
1284 3.07
1285 3.23
1286 3.22
1287 3.23
1288 3.07
1289 3.30
1290 3.30
1291 3.29
1292 3.27
1293 3.26
1294 3.27
1295 3.29
1296 3.31
1297 3.32
1298 3.31
1299 3.29
1300 3.27
1301 3.26
1302 3.27
1303 3.30
1304 3.34
1305 3.37
1306 3.39
1307 3.37
1308 3.34
1309 3.29
1310 3.25
1311 3.23
1312 3.24
1313 3.27
1314 3.31
1315 3.34
1316 3.36
1317 3.35
1318 3.33
1319 3.30
1320 3.27
1321 3.25
1322 3.25
1323 3.26
1324 3.28
1325 3.29
1326 3.30
1327 3.30
1328 3.30
1329 3.29
1330 3.28
1331 3.28
1332 3.29
1333 3.30
1334 3.33
1335 3.35
1336 3.37
1337 3.37
1338 3.36
1339 3.33
1340 3.29
1341 3.26
1342 3.25
1343 3.28
1344 3.33
1345 3.39
1346 3.44
1347 3.46
1348 3.44
1349 3.39
1350 3.32
1351 3.25
1352 3.22
1353 3.23
1354 3.28
1355 3.34
1356 3.40
1357 3.42
1358 3.41
1359 3.37
1360 3.32
1361 3.29
1362 3.28
1363 3.30
1364 3.33
1365 3.36
1366 3.38
1367 3.38
1368 3.35
1369 3.32
1370 3.30
1371 3.30
1372 3.32
1373 3.34
1374 3.37
1375 3.40
1376 3.40
1377 3.40
1378 3.38
1379 3.37
1380 3.35
1381 3.33
1382 3.31
1383 3.30
1384 3.29
1385 3.29
1386 3.31
1387 3.34
1388 3.37
1389 3.39
1390 3.39
1391 3.37
1392 3.33
1393 3.27
1394 3.23
1395 3.21
1396 3.22
1397 3.25
1398 3.29
1399 3.32
1400 3.33
1401 3.33
1402 3.31
1403 3.28
1404 3.27
1405 3.28
1406 3.29
1407 3.31
1408 3.31
1409 3.29
1410 3.27
1411 3.24
1412 3.24
1413 3.26
1414 3.30
1415 3.35
1416 3.38
1417 3.38
1418 3.35
1419 3.30
1420 3.24
1421 3.21
1422 3.21
1423 3.24
1424 3.29
1425 3.33
1426 3.35
1427 3.34
1428 3.31
1429 3.26
1430 3.23
1431 3.22
1432 3.23
1433 3.26
1434 3.29
1435 3.12
1436 3.19
1437 3.23
1438 3.22
1439 3.23
1440 3.22
1441 3.17
1442 3.12
1443 3.23
1444 3.22
1445 3.17
1446 3.12
1447 3.19
1448 3.23
1449 3.22
1450 3.12
1451 3.34
1452 3.23
1453 3.22
1454 3.17
1455 3.12
1456 3.23
1457 3.12
1458 3.12
1459 3.23
1460 3.12
1461 3.19
1462 3.12
1463 3.17
1464 3.22
1465 3.23
1466 3.22
1467 3.23
1468 3.07
1469 3.34
1470 3.23
1471 3.17
1472 3.19
1473 3.07
1474 3.34
1475 3.23
1476 3.19
1477 3.22
1478 3.23
1479 3.12
1480 3.19
1481 3.34
1482 3.22
1483 3.23
1484 3.12
1485 3.22
1486 3.34
1487 3.34
1488 3.23
1489 3.17
